%training inputs
x = [
    1 1 1 -1 -1 1 -1 -1 -1 1 -1 -1 -1 1 -1 -1;
    1 1 1 -1 1 -1 -1 -1 1 1 1 -1 1 1 1 -1;
    1 1 1 -1 1 1 -1 -1 1 -1 -1 -1 1 -1 -1 -1;
    -1 1 1 1 -1 -1 1 -1 -1 -1 1 -1 -1 -1 1 -1;
    -1 1 1 1 -1 1 -1 -1 -1 1 1 1 -1 1 1 1;
    -1 1 1 1 -1 1 1 -1 -1 1 -1 -1 -1 1 -1 -1
];

%desired from training
d = [
    1 -1 -1;
    -1 1 -1;
    -1 -1 1;
    1 -1 -1;
    -1 1 -1;
    -1 -1 1;
];

weight_vector_to_output = [
    0.2007 -0.0280 -0.1871;
    0.5522 0.2678 -0.7830;
    0.4130 -0.5299 0.6420;
];

weight_vector_to_hidden = [
    -0.2206 0.2139 0.4764 -0.1886 0.5775 -0.7873 -0.2943 0.9803 -0.5945 -0.2076 0.1932 0.8436 -0.6475 0.3365 0.1795 -0.0542 0.6263;
    -0.7222 -0.6026 0.3556 -0.6024 0.7611 0.9635 -0.1627 -0.0503 0.3443 -0.4812 -0.9695 -0.2030 -0.0680 0.6924 0.5947 0.6762 0.2222;
];


%--------Variables--------

C = 200; %total cycles
n = 0.25; %learning constant

%neural network design is as follows...
%16 Inputs (1 bias), 2 Hidden (1 bias), 3 outputs
%example of data (4x4):
%[ ][X][X][X]
%[ ][ ][X][ ]
%[ ][ ][X][ ]
%[ ][ ][X][ ]

%neural network


